0000000
0000001
3830361
3830395
3830445
0101337
0101352
0102103
0107300
0109769
0111427
0119875
0119958
0120386
0123117
0123265
3830031
3830064
3830197
3830205
3830254
3830288
3830353
3830387
3830403
3830411
3830429
3830437
3831765
3833241
3833407
3834082
3834769
3839081
6040695
6040703
6040737
6040752
6040760
6040778
6040828
6040836
6040851
6040877
6040893
6040919
6040935
6040943
6040950
6040968
6040984
6041008
6041016
6041040
6041065
6041073
6041115
6041123
6041131
6041149
6041156
6041206
6041230
6041255
6041271
6041289
6041305
6041321
6041339
6041347
6041362
6041412
6041420
6041438
6041446
6041487
6041503
6041511
6041529
6041545
6041560
6041578
6041586
6041594
6041602
6041610
6041644
6041685
6041701
6041727
6059828
6059844
6059851
6059869
6059885
6059901
6059919
6062020
6062038
6062046
6062053
6062061
6062079
6089569
6089585
6089775
6093488
6093496
6097919
6099154
6102479
6104673
6112601
6113245
6113252
6113997
6115901
0121814
6041032
6072094
3830163
